2 1 0 5 4 3 8 7 6 11 10 9 14 13 12 17 16 15 20 19 18 23 22 21 26 25 24
8 5 2 7 4 1 6 3 0 17 14 11 16 13 10 15 12 9 26 23 20 25 22 19 24 21 18
6 7 8 3 4 5 0 1 2 15 16 17 12 13 14 9 10 11 24 25 26 21 22 23 18 19 20
0 3 6 1 4 7 2 5 8 9 12 15 10 13 16 11 14 17 18 21 24 19 22 25 20 23 26
18 19 20 21 22 23 24 25 26 9 10 11 12 13 14 15 16 17 0 1 2 3 4 5 6 7 8
24 21 18 25 22 19 26 23 20 15 12 9 16 13 10 17 14 11 6 3 0 7 4 1 8 5 2
26 25 24 23 22 21 20 19 18 17 16 15 14 13 12 11 10 9 8 7 6 5 4 3 2 1 0
20 23 26 19 22 25 18 21 24 11 14 17 10 13 16 9 12 15 2 5 8 1 4 7 0 3 6
18 9 0 19 10 1 20 11 2 21 12 3 22 13 4 23 14 5 24 15 6 25 16 7 26 17 8
20 19 18 11 10 9 2 1 0 23 22 21 14 13 12 5 4 3 26 25 24 17 16 15 8 7 6
2 11 20 1 10 19 0 9 18 5 14 23 4 13 22 3 12 21 8 17 26 7 16 25 6 15 24
0 1 2 9 10 11 18 19 20 3 4 5 12 13 14 21 22 23 6 7 8 15 16 17 24 25 26
6 15 24 7 16 25 8 17 26 3 12 21 4 13 22 5 14 23 0 9 18 1 10 19 2 11 20
8 7 6 17 16 15 26 25 24 5 4 3 14 13 12 23 22 21 2 1 0 11 10 9 20 19 18
26 17 8 25 16 7 24 15 6 23 14 5 22 13 4 21 12 3 20 11 2 19 10 1 18 9 0
24 25 26 15 16 17 6 7 8 21 22 23 12 13 14 3 4 5 18 19 20 9 10 11 0 1 2
0 9 18 3 12 21 6 15 24 1 10 19 4 13 22 7 16 25 2 11 20 5 14 23 8 17 26
6 3 0 15 12 9 24 21 18 7 4 1 16 13 10 25 22 19 8 5 2 17 14 11 26 23 20
24 15 6 21 12 3 18 9 0 25 16 7 22 13 4 19 10 1 26 17 8 23 14 5 20 11 2
18 21 24 9 12 15 0 3 6 19 22 25 10 13 16 1 4 7 20 23 26 11 14 17 2 5 8
20 11 2 23 14 5 26 17 8 19 10 1 22 13 4 25 16 7 18 9 0 21 12 3 24 15 6
26 23 20 17 14 11 8 5 2 25 22 19 16 13 10 7 4 1 24 21 18 15 12 9 6 3 0
8 17 26 5 14 23 2 11 20 7 16 25 4 13 22 1 10 19 6 15 24 3 12 21 0 9 18
2 5 8 11 14 17 20 23 26 1 4 7 10 13 16 19 22 25 0 3 6 9 12 15 18 21 24
